10
20
30
40
50
60
70
80
90
100
10
20
30
40
50
60
70
80
90
100
10
20
30
40
50
60
70
80
90
100
10
20
30
40
50
60
70
80
90
100
10
20
30
40
50
60
70
80
90
100
10
20
30
40
50
60
70
80
90
100
10
20
30
40
50
60
70
80
90
100
10
20
30
40
50
60
70
80
90
100
10
20
30
40
50
60
70
80
90
100
10
20
30
40
50
60
70
80
90
100
30
40
50
80
90
100
80
90
60
70
80
20
30
40
50
60
80
90
100
10
20
30
40
50
60
70
80
90
100
30
40
50
90
100
10
20
30
40
50
60
70
80
90
100
10
20
30
40
50
60
10
20
30
40
50
60
70
80
90
100
10
20
30
40
50
60
70
80
90
100
10
20
30
40
50
60
70
80
90
100
10
20
30
40
50
60
70
80
90
100
10
20
30
40
50
60
70
80
90
100
10
20
30
40
50
60
70
80
90
100
10
20
30
40
50
60
70
80
90
100
10
20
30
40
50
60
70
80
90
100
10
20
30
40
50
60
70
80
90
100
10
20
30
40
50
60
70
80
90
100
30
40
50
80
90
100
80
90
60
70
80
20
30
40
50
60
80
90
100
10
20
30
40
50
60
70
80
90
100
30
40
50
90
100
10
20
30
40
50
60
70
80
90
100
10
20
30
40
50
60